    1          1.7779          1.7779          0.8581
    2          1.7200          1.5891          0.9295
    3          1.6589          1.4301          1.1664
    4          1.6084          1.3012          1.0504
    5          1.5523          1.2198          0.9239
    6          1.5045          1.1472          1.0728
    7          1.4533          1.0915          0.9656
    8          1.4082          1.0446          0.9071
    9          1.3663          0.9909          1.2017
   10          1.3320          0.9502          1.0298
   11          1.3065          0.9111          1.0454
   12          1.2868          0.8787          0.9319
   13          1.2772          0.8429          1.1734
   14          1.2705          0.8070          0.9358
   15          1.2663          0.7745          1.1025
   16          1.2699          0.7464          1.0462
   17          1.2802          0.7193          0.9286
   18          1.2954          0.6996          0.9138
   19          1.3153          0.6758          0.9986
   20          1.3383          0.6537          0.9569
   21          1.3648          0.6361          0.9253
   22          1.3932          0.6262          0.8919
   23          1.4242          0.6184          1.0066
   24          1.4570          0.6041          1.0550
   25          1.4913          0.5909          1.0919
   26          1.5266          0.5886          1.0602
   27          1.5625          0.5771          0.8071
   28          1.5984          0.5719          1.2798
   29          1.6349          0.5600          1.1003
   30          1.6713          0.5650          1.0377
   31          1.7067          0.5594          1.0345
   32          1.7413          0.5612          0.9942
   33          1.7766          0.5599          0.9703
   34          1.8130          0.5524          0.9985
   35          1.8479          0.5595          0.9595
   36          1.8830          0.5647          1.0478
   37          1.9153          0.5639          0.9987
   38          1.9460          0.5621          0.7484
   39          1.9758          0.5604          0.9020
   40          2.0063          0.5501          1.1258
   41          2.0327          0.5571          0.9228
   42          2.0613          0.5595          0.9942
   43          2.0912          0.5565          1.0610
   44          2.1127          0.5545          1.0060
   45          2.1315          0.5653          1.0368
   46          2.1485          0.5655          0.8630
   47          2.1631          0.5723          0.9576
   48          2.1725          0.5669          0.7507
   49          2.1835          0.5713          1.0573
   50          2.1891          0.5680          1.0934
   51          2.1998          0.5813          0.8616
   52          2.2049          0.5834          0.9822
   53          2.2044          0.5846          0.8311
   54          2.2071          0.5782          0.9179
   55          2.2038          0.5746          0.9515
   56          2.1948          0.5736          0.8765
   57          2.1911          0.5745          1.1960
   58          2.1929          0.5614          1.0200
   59          2.1835          0.5615          0.8261
   60          2.1833          0.5584          0.6740
   61          2.1761          0.5583          1.0683
   62          2.1684          0.5587          1.2285
   63          2.1534          0.5615          1.0069
   64          2.1388          0.5590          0.9542
   65          2.1294          0.5582          0.8726
   66          2.1215          0.5550          0.8672
   67          2.1091          0.5624          0.9824
   68          2.1042          0.5596          1.2079
   69          2.0950          0.5548          0.9657
   70          2.0787          0.5520          0.9310
   71          2.0720          0.5480          0.8482
   72          2.0656          0.5468          1.2146
   73          2.0568          0.5346          1.1082
   74          2.0451          0.5377          1.0652
   75          2.0346          0.5301          1.0959
   76          2.0176          0.5261          1.0208
   77          2.0033          0.5304          1.0034
   78          1.9919          0.5292          1.1011
   79          1.9768          0.5215          1.0572
   80          1.9626          0.5237          0.8029
   81          1.9531          0.5267          1.0603
   82          1.9436          0.5253          0.7295
   83          1.9439          0.5236          0.7487
   84          1.9337          0.5222          1.1905
   85          1.9269          0.5088          0.9980
   86          1.9245          0.5042          0.8347
   87          1.9246          0.4974          1.1719
   88          1.9191          0.4946          0.9724
   89          1.9137          0.4837          1.0952
   90          1.9111          0.4719          0.9627
   91          1.9058          0.4780          0.8791
   92          1.9074          0.4798          0.8307
   93          1.9015          0.4652          0.9204
   94          1.9084          0.4730          0.9088
   95          1.9094          0.4731          0.9206
   96          1.9160          0.4655          1.0945
   97          1.9291          0.4715          1.0565
   98          1.9489          0.4575          0.9733
   99          1.9681          0.4530          0.9569
  100          1.9902          0.4480          1.0592
  101          2.0147          0.4374          0.9877
  102          2.0442          0.4393          0.7226
  103          2.0799          0.4220          0.8619
  104          2.1213          0.4171          1.0484
  105          2.1599          0.4133          0.9542
  106          2.2022          0.4144          1.1067
  107          2.2438          0.3932          0.9131
  108          2.2836          0.3820          0.7815
  109          2.3217          0.3707          0.9888
  110          2.3596          0.3582          1.0147
  111          2.3945          0.3694          0.9617
  112          2.4247          0.3615          0.9702
  113          2.4499          0.3536          1.0023
  114          2.4695          0.3479          1.1609
  115          2.4830          0.3453          0.9719
  116          2.4899          0.3385          1.0559
  117          2.4901          0.3357          0.8886
  118          2.4839          0.3333          1.2963
  119          2.4719          0.3117          1.1679
  120          2.4550          0.3064          1.0088
  121          2.4347          0.3043          1.0402
  122          2.4113          0.3063          1.0428
  123          2.3868          0.3085          1.0161
  124          2.3619          0.3010          0.7894
  125          2.3379          0.2970          1.0234
  126          2.3166          0.2909          0.7581
  127          2.2993          0.2837          1.0688
  128          2.2861          0.2682          0.8449
  129          2.2780          0.2674          1.0271
  130          2.2758          0.2593          1.0222
  131          2.2794          0.2516          1.0949
  132          2.2887          0.2546          1.1013
  133          2.3031          0.2538          1.0644
  134          2.3221          0.2608          1.0212
  135          2.3455          0.2577          0.9783
  136          2.3707          0.2459          0.9718
  137          2.3982          0.2408          0.9787
  138          2.4275          0.2404          0.9797
  139          2.4602          0.2427          1.3813
  140          2.4936          0.2311          0.7359
  141          2.5295          0.2331          0.8021
  142          2.5680          0.2334          0.8186
  143          2.6080          0.2393          0.8944
  144          2.6507          0.2502          0.8478
  145          2.6959          0.2507          0.9894
  146          2.7466          0.2488          1.0743
  147          2.8036          0.2485          1.0542
  148          2.8616          0.2517          1.0522
  149          2.9300          0.2495          0.8813
  150          3.0003          0.2553          0.8924
  151          3.0784          0.2423          1.0976
  152          3.1633          0.2439          1.0345
  153          3.2560          0.2408          1.0797
  154          3.3519          0.2484          0.9617
  155          3.4559          0.2633          0.8288
  156          3.5643          0.2593          1.0064
  157          3.6763          0.2562          0.9167
  158          3.7905          0.2647          1.0033
  159          3.9064          0.2724          1.2236
  160          4.0173          0.2763          1.3023
  161          4.1297          0.2776          1.1503
  162          4.2355          0.2858          1.1911
  163          4.3323          0.2780          1.0573
  164          4.4191          0.2766          0.9246
  165          4.4968          0.2725          1.0040
  166          4.5640          0.2689          1.0781
  167          4.6206          0.2692          1.0245
  168          4.6674          0.2651          1.1398
  169          4.7038          0.2751          1.0848
  170          4.7297          0.2805          1.0066
  171          4.7467          0.2869          0.9507
  172          4.7547          0.2881          0.8935
  173          4.7562          0.2804          0.9007
  174          4.7517          0.2769          0.9246
  175          4.7417          0.2722          0.9174
  176          4.7273          0.2652          0.7375
  177          4.7094          0.2595          0.9326
  178          4.6884          0.2610          0.8517
  179          4.6651          0.2573          0.9711
  180          4.6395          0.2553          0.9818
  181          4.6127          0.2523          1.0120
  182          4.5833          0.2476          0.9636
  183          4.5550          0.2449          0.9758
  184          4.5243          0.2334          1.0248
  185          4.4931          0.2345          0.9672
  186          4.4602          0.2329          1.1407
  187          4.4284          0.2299          0.8206
  188          4.3936          0.2335          1.1314
  189          4.3592          0.2370          1.2538
  190          4.3233          0.2405          0.9396
  191          4.2875          0.2468          1.0320
  192          4.2500          0.2585          1.0036
  193          4.2121          0.2618          1.0010
  194          4.1743          0.2670          1.1201
  195          4.1375          0.2724          0.9334
  196          4.0998          0.2859          1.0001
  197          4.0630          0.2934          0.7934
  198          4.0268          0.2973          0.9516
  199          3.9920          0.3024          0.9286
  200          3.9591          0.3123          0.8861
  201          3.9276          0.3152          0.8336
  202          3.8983          0.3222          1.0756
  203          3.8713          0.3262          0.9126
  204          3.8462          0.3335          1.0341
  205          3.8246          0.3352          1.0289
  206          3.8053          0.3344          0.9095
  207          3.7894          0.3350          1.0121
  208          3.7772          0.3358          1.0323
  209          3.7684          0.3384          1.0770
  210          3.7630          0.3433          0.9553
  211          3.7620          0.3472          0.9929
  212          3.7641          0.3442          0.9540
  213          3.7704          0.3452          0.9040
  214          3.7791          0.3402          0.9983
  215          3.7922          0.3328          1.0966
  216          3.8082          0.3369          0.8131
  217          3.8272          0.3329          0.9937
  218          3.8445          0.3307          0.8920
  219          3.8674          0.3305          0.9901
  220          3.8910          0.3300          1.0958
  221          3.9114          0.3256          0.9606
  222          3.9378          0.3205          1.0792
  223          3.9610          0.3217          1.0718
  224          3.9851          0.3262          1.0777
  225          4.0123          0.3301          0.8776
  226          4.0372          0.3228          0.9738
  227          4.0604          0.3171          1.0064
  228          4.0873          0.3092          1.0998
  229          4.1154          0.2943          0.9681
  230          4.1387          0.2898          1.0285
  231          4.1612          0.2960          0.9886
  232          4.1838          0.2953          1.1576
  233          4.2090          0.2981          1.1070
  234          4.2277          0.3000          1.0109
  235          4.2442          0.2957          1.1116
  236          4.2624          0.2987          0.9779
  237          4.2786          0.3002          1.1251
  238          4.2935          0.2952          1.0304
  239          4.2994          0.2957          1.2555
  240          4.3061          0.2977          0.8247
  241          4.3039          0.2938          0.9971
  242          4.3042          0.2957          0.8982
  243          4.2985          0.2902          1.2569
  244          4.2921          0.2863          1.0345
  245          4.2839          0.2952          0.9670
  246          4.2716          0.3034          0.8791
  247          4.2610          0.3127          0.7852
  248          4.2485          0.3151          1.1317
  249          4.2334          0.3137          0.7274
  250          4.2206          0.3082          1.0808
  251          4.2086          0.3122          1.0049
  252          4.1987          0.3131          0.8870
  253          4.1874          0.3155          0.9997
  254          4.1793          0.3182          0.8693
  255          4.1706          0.3252          0.8805
  256          4.1669          0.3268          0.7979
  257          4.1645          0.3298          1.0693
  258          4.1634          0.3297          1.0439
  259          4.1645          0.3329          1.1511
  260          4.1665          0.3359          0.8596
  261          4.1696          0.3319          0.8757
  262          4.1737          0.3398          1.1651
  263          4.1789          0.3263          1.0009
  264          4.1838          0.3320          1.0048
  265          4.1893          0.3370          1.0479
  266          4.1955          0.3316          1.1290
  267          4.2022          0.3269          0.9179
  268          4.2092          0.3251          0.9800
  269          4.2167          0.3219          0.9685
  270          4.2247          0.3264          0.9098
  271          4.2332          0.3267          1.1087
  272          4.2421          0.3286          0.9982
  273          4.2512          0.3273          0.9735
  274          4.2604          0.3204          1.1448
  275          4.2692          0.3135          0.9195
  276          4.2774          0.3075          1.0539
  277          4.2848          0.3016          1.1216
  278          4.2913          0.2870          1.0375
  279          4.2954          0.2782          1.1159
  280          4.2988          0.2653          0.7370
  281          4.3009          0.2580          0.8875
  282          4.3013          0.2610          0.8971
  283          4.3012          0.2509          1.0949
  284          4.2997          0.2498          0.8814
  285          4.2994          0.2468          1.0588
  286          4.2986          0.2489          0.9650
  287          4.2984          0.2464          0.9782
  288          4.3006          0.2399          1.1282
  289          4.3046          0.2400          1.1620
  290          4.3126          0.2365          0.7445
  291          4.3212          0.2334          1.0438
  292          4.3327          0.2354          0.9180
  293          4.3472          0.2366          0.9037
  294          4.3655          0.2336          0.8062
  295          4.3846          0.2286          1.0956
  296          4.4032          0.2318          1.0224
  297          4.4228          0.2333          0.9887
  298          4.4392          0.2329          1.1706
  299          4.4591          0.2311          1.0813
  300          4.4720          0.2365          1.0196
  301          4.4846          0.2336          0.9022
  302          4.4904          0.2383          0.9505
  303          4.4989          0.2356          1.0606
  304          4.5039          0.2346          0.8785
  305          4.5055          0.2263          0.8954
  306          4.5073          0.2285          1.0338
  307          4.5087          0.2281          1.0288
  308          4.5055          0.2337          0.8669
  309          4.5050          0.2331          0.9361
  310          4.5030          0.2331          0.8919
  311          4.5060          0.2310          0.9678
  312          4.5157          0.2333          1.0794
  313          4.5323          0.2346          0.9220
  314          4.5485          0.2320          0.8691
  315          4.5725          0.2324          1.0580
  316          4.5973          0.2273          0.9878
  317          4.6221          0.2285          1.0292
  318          4.6583          0.2250          1.1980
  319          4.6875          0.2231          0.9853
  320          4.7185          0.2295          1.0552
  321          4.7569          0.2362          1.0597
  322          4.7937          0.2371          0.7944
  323          4.8377          0.2401          0.9915
  324          4.8772          0.2442          0.9678
  325          4.9058          0.2474          1.0294
  326          4.9429          0.2555          1.0154
  327          4.9804          0.2627          0.9893
  328          5.0132          0.2616          1.1477
  329          5.0461          0.2686          1.0352
  330          5.0728          0.2644          0.7145
  331          5.0973          0.2682          1.0551
  332          5.1169          0.2728          0.9660
  333          5.1301          0.2795          0.9928
  334          5.1483          0.2798          1.2586
  335          5.1641          0.2811          0.8250
  336          5.1710          0.2840          0.8683
  337          5.1794          0.2854          0.8908
  338          5.1803          0.2807          1.0192
  339          5.1777          0.2786          1.0100
  340          5.1711          0.2802          0.9452
  341          5.1574          0.2783          0.9098
  342          5.1393          0.2842          0.9452
  343          5.1172          0.2865          0.9714
  344          5.0900          0.2815          0.9191
  345          5.0590          0.2744          0.9703
  346          5.0227          0.2759          0.9382
  347          4.9853          0.2784          1.0109
  348          4.9436          0.2765          0.7924
  349          4.8989          0.2758          0.8464
  350          4.8579          0.2711          1.0855
  351          4.8188          0.2719          1.0867
  352          4.7826          0.2767          1.2262
  353          4.7483          0.2704          0.9163
  354          4.7171          0.2664          1.1059
  355          4.6913          0.2708          0.9536
  356          4.6708          0.2720          1.1167
  357          4.6522          0.2709          1.1447
  358          4.6386          0.2627          1.1218
  359          4.6267          0.2623          0.8137
  360          4.6142          0.2627          0.9074
  361          4.6011          0.2652          0.9441
  362          4.5866          0.2612          0.8581
  363          4.5721          0.2675          0.9387
  364          4.5547          0.2701          1.0636
  365          4.5363          0.2739          1.0703
  366          4.5161          0.2780          1.1661
  367          4.4934          0.2754          0.9497
  368          4.4731          0.2796          1.0247
  369          4.4546          0.2925          0.8980
  370          4.4342          0.2893          0.9515
  371          4.4169          0.2754          1.0074
  372          4.4028          0.2670          0.9294
  373          4.3956          0.2667          0.9359
  374          4.3915          0.2727          1.0169
  375          4.3914          0.2767          0.7970
  376          4.3988          0.2751          0.8695
  377          4.4084          0.2783          0.9603
  378          4.4252          0.2780          1.1217
  379          4.4477          0.2704          0.9935
  380          4.4728          0.2695          1.0131
  381          4.5014          0.2754          1.1717
  382          4.5334          0.2896          0.9827
  383          4.5655          0.2759          1.0755
  384          4.6013          0.2782          0.8870
  385          4.6372          0.2724          0.9434
  386          4.6770          0.2692          0.8673
  387          4.7179          0.2738          1.1244
  388          4.7610          0.2819          1.1188
  389          4.8047          0.2752          1.1341
  390          4.8487          0.2672          0.9452
  391          4.8932          0.2620          1.0433
  392          4.9383          0.2638          1.1700
  393          4.9835          0.2684          1.2118
  394          5.0249          0.2758          0.9608
  395          5.0658          0.2739          0.8132
  396          5.1023          0.2704          1.0648
  397          5.1350          0.2659          0.9588
  398          5.1638          0.2758          0.9169
  399          5.1883          0.2777          0.9328
  400          5.2087          0.2828          1.1446
  401          5.2249          0.2869          0.9377
  402          5.2370          0.2886          1.0035
  403          5.2460          0.2932          1.2061
  404          5.2525          0.2999          1.0995
  405          5.2574          0.3019          1.0321
  406          5.2613          0.3058          1.1290
  407          5.2650          0.3158          0.9581
  408          5.2697          0.3150          0.7806
  409          5.2752          0.3176          0.7587
  410          5.2826          0.3251          1.0016
  411          5.2922          0.3217          1.0534
  412          5.3037          0.3190          1.1798
  413          5.3182          0.3214          0.8532
  414          5.3340          0.3256          0.8419
  415          5.3517          0.3287          0.9672
  416          5.3720          0.3303          0.9331
  417          5.3930          0.3287          1.0099
  418          5.4152          0.3214          1.1243
  419          5.4393          0.3161          0.8360
  420          5.4636          0.3055          0.8705
  421          5.4868          0.2939          0.9456
  422          5.5119          0.2899          1.0196
  423          5.5358          0.2856          1.0117
  424          5.5578          0.2790          0.8738
  425          5.5783          0.2789          0.8637
  426          5.5958          0.2703          0.9691
  427          5.6106          0.2626          0.9812
  428          5.6245          0.2666          0.9004
  429          5.6341          0.2628          1.0631
  430          5.6404          0.2728          1.2042
  431          5.6431          0.2745          1.2654
  432          5.6425          0.2717          0.8758
  433          5.6390          0.2708          1.0091
  434          5.6315          0.2727          0.9126
  435          5.6210          0.2702          0.9245
  436          5.6078          0.2742          0.8870
  437          5.5913          0.2708          1.0229
  438          5.5732          0.2697          0.9177
  439          5.5525          0.2714          1.0364
  440          5.5317          0.2815          0.8076
  441          5.5105          0.2773          1.0119
  442          5.4912          0.2770          0.9096
  443          5.4758          0.2758          1.0100
  444          5.4623          0.2646          1.0118
  445          5.4523          0.2625          0.9341
  446          5.4478          0.2676          1.0168
  447          5.4492          0.2706          0.9595
  448          5.4548          0.2697          0.9447
  449          5.4630          0.2731          0.9812
  450          5.4766          0.2633          1.0340
  451          5.4900          0.2597          0.9253
  452          5.5048          0.2487          0.9559
  453          5.5203          0.2516          1.0391
  454          5.5329          0.2455          1.1048
  455          5.5398          0.2416          0.9924
  456          5.5466          0.2345          0.8610
  457          5.5463          0.2312          0.9480
  458          5.5449          0.2262          1.0845
  459          5.5392          0.2262          1.0902
  460          5.5244          0.2195          1.0644
  461          5.5063          0.2142          0.8202
  462          5.4844          0.2135          1.1583
  463          5.4633          0.2132          0.9576
  464          5.4400          0.2119          1.1193
  465          5.4136          0.2141          1.1176
  466          5.3889          0.2044          0.9962
  467          5.3639          0.2012          1.1538
  468          5.3414          0.2008          0.9203
  469          5.3224          0.1941          0.9904
  470          5.3066          0.1964          0.9343
  471          5.2954          0.1910          1.0727
  472          5.2877          0.1937          0.9888
  473          5.2829          0.1946          0.7638
  474          5.2816          0.1978          0.8126
  475          5.2813          0.1947          1.1171
  476          5.2813          0.1965          1.0899
  477          5.2808          0.2010          0.7283
  478          5.2789          0.2047          1.1078
  479          5.2741          0.2041          0.8802
  480          5.2658          0.2044          0.9042
  481          5.2543          0.2093          0.9969
  482          5.2412          0.2114          1.0313
  483          5.2261          0.2206          0.8731
  484          5.2113          0.2293          0.8740
  485          5.1947          0.2264          0.8998
  486          5.1791          0.2328          0.9077
  487          5.1649          0.2381          0.8458
  488          5.1509          0.2419          0.9203
  489          5.1410          0.2375          1.2002
  490          5.1363          0.2408          0.9145
  491          5.1393          0.2413          0.9025
  492          5.1442          0.2417          1.0151
  493          5.1548          0.2513          1.0678
  494          5.1717          0.2514          0.8571
  495          5.1903          0.2590          1.1777
  496          5.2122          0.2610          1.0187
  497          5.2351          0.2698          1.0629
  498          5.2639          0.2731          0.8711
  499          5.2851          0.2735          1.0101
  500          5.3060          0.2746          1.0776
  501          5.3216          0.2723          1.1896
  502          5.3357          0.2803          0.8699
  503          5.3393          0.2903          0.8299
  504          5.3391          0.2947          1.0425
  505          5.3387          0.2913          0.9607
  506          5.3281          0.2974          0.9852
  507          5.3167          0.3072          1.1190
  508          5.2991          0.3194          1.0049
  509          5.2737          0.3227          0.8423
  510          5.2448          0.3245          0.9959
  511          5.2117          0.3173          1.0191
  512          5.1753          0.3119          0.8810
  513          5.1378          0.3140          0.9609
  514          5.1015          0.3189          0.9901
  515          5.0628          0.3245          0.9304
  516          5.0241          0.3209          0.8656
  517          4.9846          0.3179          0.9498
  518          4.9493          0.3192          1.0371
  519          4.9153          0.3211          1.0718
  520          4.8850          0.3179          0.9220
  521          4.8575          0.3194          0.8871
  522          4.8377          0.3248          0.9311
  523          4.8211          0.3254          0.9646
  524          4.8103          0.3278          0.8664
  525          4.8069          0.3235          0.9259
  526          4.8087          0.3272          0.9720
  527          4.8158          0.3305          1.0947
  528          4.8293          0.3405          0.9006
  529          4.8488          0.3370          0.8847
  530          4.8736          0.3397          1.0212
  531          4.9030          0.3439          0.9499
  532          4.9363          0.3474          1.0373
  533          4.9727          0.3526          0.9430
  534          5.0111          0.3622          1.2505
  535          5.0511          0.3615          1.1021
  536          5.0915          0.3636          0.9702
  537          5.1320          0.3705          1.1607
  538          5.1705          0.3724          1.0396
  539          5.2058          0.3746          0.9048
  540          5.2388          0.3720          1.0542
  541          5.2670          0.3717          0.8821
  542          5.2911          0.3772          0.9065
  543          5.3108          0.3778          0.9584
  544          5.3246          0.3764          0.9892
  545          5.3332          0.3704          0.9645
  546          5.3380          0.3762          1.0064
  547          5.3391          0.3646          1.1286
  548          5.3368          0.3626          1.0343
  549          5.3326          0.3669          0.8403
  550          5.3276          0.3669          0.8475
  551          5.3232          0.3725          1.1385
  552          5.3208          0.3680          0.8490
  553          5.3219          0.3563          0.9344
  554          5.3279          0.3642          0.9789
  555          5.3396          0.3607          0.9025
  556          5.3581          0.3576          1.1418
  557          5.3840          0.3550          0.8756
  558          5.4179          0.3470          1.0317
  559          5.4604          0.3386          1.0345
  560          5.5111          0.3363          1.1224
  561          5.5696          0.3414          0.9582
  562          5.6353          0.3401          1.0598
  563          5.7066          0.3411          0.9803
  564          5.7821          0.3449          0.8349
  565          5.8610          0.3464          1.0344
  566          5.9402          0.3446          0.9575
  567          6.0176          0.3476          0.6626
  568          6.0915          0.3476          0.8638
  569          6.1605          0.3493          0.9705
  570          6.2224          0.3511          0.9716
  571          6.2752          0.3526          0.8918
  572          6.3179          0.3564          1.0071
  573          6.3492          0.3581          1.0429
  574          6.3684          0.3586          0.9821
  575          6.3750          0.3628          0.9428
  576          6.3694          0.3655          0.9643
  577          6.3523          0.3674          0.9518
  578          6.3248          0.3706          0.9546
  579          6.2881          0.3732          0.9541
  580          6.2440          0.3810          1.1231
  581          6.1941          0.3867          0.9947
  582          6.1398          0.3930          1.0180
  583          6.0829          0.4022          1.1284
  584          6.0249          0.4090          1.1863
  585          5.9669          0.4116          0.9475
  586          5.9105          0.4159          0.9579
  587          5.8561          0.4214          1.0227
  588          5.8041          0.4276          1.0995
  589          5.7548          0.4351          0.9105
  590          5.7080          0.4415          0.8744
  591          5.6635          0.4513          0.8448
  592          5.6213          0.4579          1.0574
  593          5.5813          0.4690          1.1205
  594          5.5436          0.4767          0.9057
  595          5.5072          0.4804          0.9626
  596          5.4720          0.4871          1.0116
  597          5.4378          0.4904          0.7804
  598          5.4052          0.4993          1.0311
  599          5.3748          0.5031          1.0227
  600          5.3472          0.5098          1.1423
  601          5.3221          0.5180          1.0987
  602          5.3001          0.5257          0.8752
  603          5.2801          0.5294          1.1279
  604          5.2627          0.5310          0.9287
  605          5.2477          0.5307          1.0062
  606          5.2350          0.5394          1.0253
  607          5.2244          0.5436          0.9226
  608          5.2161          0.5555          0.8623
  609          5.2088          0.5525          1.0255
  610          5.2021          0.5530          0.8970
  611          5.1961          0.5604          1.0477
  612          5.1907          0.5587          0.9483
  613          5.1853          0.5543          0.8109
  614          5.1799          0.5551          0.8294
  615          5.1746          0.5506          0.9886
  616          5.1696          0.5442          1.0624
  617          5.1655          0.5424          0.9429
  618          5.1620          0.5404          0.8688
  619          5.1592          0.5357          1.0482
  620          5.1582          0.5332          1.0784
  621          5.1591          0.5297          0.9389
  622          5.1623          0.5281          1.0289
  623          5.1680          0.5249          1.1178
  624          5.1764          0.5239          1.0115
  625          5.1866          0.5244          0.7897
  626          5.1994          0.5199          0.9575
  627          5.2167          0.5150          1.0248
  628          5.2361          0.5112          1.0554
  629          5.2583          0.5159          1.0144
  630          5.2832          0.5093          0.8829
  631          5.3109          0.5063          1.0271
  632          5.3413          0.4996          1.0402
  633          5.3740          0.4977          0.9923
  634          5.4090          0.4921          1.0324
  635          5.4460          0.4928          0.8005
  636          5.4845          0.4964          1.0923
  637          5.5236          0.4916          0.9464
  638          5.5630          0.4932          0.7923
  639          5.6019          0.4990          0.9241
  640          5.6400          0.4953          1.1450
  641          5.6760          0.4913          0.9474
  642          5.7098          0.4939          0.9644
  643          5.7406          0.4955          0.9586
  644          5.7679          0.4951          0.8987
  645          5.7916          0.4853          1.0557
  646          5.8105          0.4736          1.0974
  647          5.8253          0.4681          1.1830
  648          5.8349          0.4686          1.1790
  649          5.8402          0.4656          1.0753
  650          5.8414          0.4592          1.0553
  651          5.8386          0.4548          1.0291
  652          5.8312          0.4547          1.1173
  653          5.8204          0.4501          1.0039
  654          5.8063          0.4456          0.9842
  655          5.7887          0.4440          0.7794
  656          5.7686          0.4424          1.0840
  657          5.7457          0.4377          0.9139
  658          5.7208          0.4384          1.1780
  659          5.6942          0.4394          1.1236
  660          5.6662          0.4376          0.7934
  661          5.6375          0.4370          1.0276
  662          5.6087          0.4469          0.9890
  663          5.5803          0.4459          0.8568
  664          5.5528          0.4455          0.9464
  665          5.5268          0.4443          1.3004
  666          5.5027          0.4393          1.1740
  667          5.4812          0.4357          1.0066
  668          5.4622          0.4330          0.8521
  669          5.4460          0.4306          1.0018
  670          5.4324          0.4270          1.0544
  671          5.4210          0.4312          0.9118
  672          5.4120          0.4244          1.0401
  673          5.4052          0.4155          1.1214
  674          5.4004          0.4085          1.0456
  675          5.3971          0.3993          1.0636
  676          5.3951          0.3881          0.9995
  677          5.3941          0.3940          1.1553
  678          5.3931          0.3933          1.1849
  679          5.3932          0.3810          1.0340
  680          5.3942          0.3742          0.9909
  681          5.3968          0.3762          1.0086
  682          5.3997          0.3725          1.1146
  683          5.4042          0.3767          0.9945
  684          5.4092          0.3712          0.9266
  685          5.4150          0.3605          0.9493
  686          5.4218          0.3446          0.9006
  687          5.4288          0.3444          1.0642
  688          5.4358          0.3444          1.1869
  689          5.4414          0.3418          0.9951
  690          5.4452          0.3390          0.9594
  691          5.4477          0.3424          1.0988
  692          5.4470          0.3410          0.8625
  693          5.4437          0.3472          0.8581
  694          5.4366          0.3523          1.1457
  695          5.4262          0.3559          1.0478
  696          5.4128          0.3595          0.9009
  697          5.3962          0.3596          0.9401
  698          5.3779          0.3657          1.0974
  699          5.3579          0.3752          1.0353
  700          5.3380          0.3806          0.9544
  701          5.3195          0.3853          1.0427
  702          5.3033          0.3914          1.0059
  703          5.2904          0.3984          1.0122
  704          5.2811          0.4037          0.9134
  705          5.2753          0.4057          1.0985
  706          5.2731          0.4186          0.8305
  707          5.2745          0.4225          0.9176
  708          5.2781          0.4346          0.9852
  709          5.2840          0.4499          0.9939
  710          5.2911          0.4549          1.0636
  711          5.2969          0.4626          1.1302
  712          5.3015          0.4716          0.8125
  713          5.3038          0.4734          1.0207
  714          5.3062          0.4781          1.0562
  715          5.3063          0.4904          0.8962
  716          5.3024          0.5001          0.9585
  717          5.2971          0.5144          1.0741
  718          5.2904          0.5165          0.9963
  719          5.2831          0.5141          1.1634
  720          5.2733          0.5120          1.0673
  721          5.2650          0.5130          1.1171
  722          5.2574          0.5145          1.0968
  723          5.2497          0.5003          0.8909
  724          5.2448          0.5030          0.9695
  725          5.2418          0.4862          0.8358
  726          5.2402          0.4824          0.9339
  727          5.2420          0.4648          0.8870
  728          5.2446          0.4661          1.1090
  729          5.2490          0.4600          1.0013
  730          5.2525          0.4531          1.0365
  731          5.2549          0.4435          0.9410
  732          5.2556          0.4292          0.9277
  733          5.2540          0.4276          1.1065
  734          5.2497          0.4258          1.0343
  735          5.2422          0.4193          0.8256
  736          5.2321          0.4153          0.8681
  737          5.2197          0.4156          0.7991
  738          5.2057          0.4179          1.1380
  739          5.1913          0.4204          0.8873
  740          5.1771          0.4274          0.9179
  741          5.1655          0.4260          0.9329
  742          5.1567          0.4354          1.0663
  743          5.1523          0.4471          1.0616
  744          5.1544          0.4456          0.9765
  745          5.1627          0.4555          1.0949
  746          5.1795          0.4623          0.9732
  747          5.2050          0.4697          1.1132
  748          5.2390          0.4806          1.0524
  749          5.2823          0.4989          1.0498
  750          5.3340          0.5037          1.0762
  751          5.3930          0.5131          1.1399
  752          5.4586          0.5239          1.0053
  753          5.5298          0.5366          1.0091
  754          5.6046          0.5464          1.0918
  755          5.6825          0.5424          0.9702
  756          5.7610          0.5448          1.3580
  757          5.8388          0.5546          1.0229
  758          5.9145          0.5557          1.0976
  759          5.9865          0.5612          1.0302
  760          6.0541          0.5667          1.0745
  761          6.1145          0.5627          0.9178
  762          6.1683          0.5707          0.9592
  763          6.2143          0.5773          0.8546
  764          6.2535          0.5830          1.0881
  765          6.2845          0.5847          0.8574
  766          6.3091          0.5857          0.9857
  767          6.3279          0.5840          0.9576
  768          6.3408          0.5922          1.0141
  769          6.3473          0.5884          1.0350
  770          6.3514          0.5837          0.8899
  771          6.3513          0.5845          1.0219
  772          6.3490          0.5845          1.0652
  773          6.3440          0.5767          0.9639
  774          6.3378          0.5719          1.0872
  775          6.3295          0.5658          1.0091
  776          6.3183          0.5668          1.0617
  777          6.3058          0.5544          0.8707
  778          6.2906          0.5577          0.8576
  779          6.2733          0.5631          0.8932
  780          6.2532          0.5717          0.9386
  781          6.2295          0.5665          1.0504
  782          6.2022          0.5694          0.8726
  783          6.1700          0.5707          0.9972
  784          6.1342          0.5667          1.0185
  785          6.0934          0.5712          0.9680
  786          6.0487          0.5764          0.9819
  787          6.0002          0.5726          0.8725
  788          5.9477          0.5744          0.8726
  789          5.8923          0.5736          0.9300
  790          5.8340          0.5822          1.1725
  791          5.7739          0.5909          0.8744
  792          5.7133          0.6026          1.1261
  793          5.6531          0.6025          0.7934
  794          5.5942          0.6075          0.9110
  795          5.5376          0.6135          0.8577
  796          5.4844          0.6178          0.9285
  797          5.4357          0.6169          0.9775
  798          5.3924          0.6143          1.1272
  799          5.3551          0.6183          1.0731
  800          5.3237          0.6204          0.9703
  801          5.2992          0.6201          0.8460
  802          5.2805          0.6201          1.0489
  803          5.2675          0.6203          1.1225
  804          5.2585          0.6185          0.7570
  805          5.2547          0.6162          0.9632
  806          5.2547          0.6115          0.9892
  807          5.2577          0.6062          0.9086
  808          5.2617          0.5998          1.0310
  809          5.2649          0.5942          0.9361
  810          5.2697          0.5870          0.9317
  811          5.2736          0.5788          1.0206
  812          5.2766          0.5722          0.9722
  813          5.2795          0.5660          0.9683
  814          5.2821          0.5589          0.9325
  815          5.2820          0.5491          1.0077
  816          5.2826          0.5417          0.9235
  817          5.2825          0.5324          0.7813
  818          5.2801          0.5234          1.0836
  819          5.2788          0.5195          0.9306
  820          5.2788          0.5129          0.9440
  821          5.2798          0.5034          1.0981
  822          5.2823          0.4985          1.1773
  823          5.2869          0.4944          1.2180
  824          5.2936          0.4909          1.1371
  825          5.3014          0.4875          0.9747
  826          5.3128          0.4864          0.9370
  827          5.3261          0.4809          0.9511
  828          5.3410          0.4787          0.8598
  829          5.3593          0.4790          0.8576
  830          5.3795          0.4801          1.0977
  831          5.3993          0.4807          1.0667
  832          5.4199          0.4812          1.0475
  833          5.4392          0.4821          0.9522
  834          5.4549          0.4839          0.9339
  835          5.4684          0.4847          0.7813
  836          5.4781          0.4881          0.8959
  837          5.4834          0.4929          0.8716
  838          5.4839          0.4956          0.9068
  839          5.4802          0.5006          1.0807
  840          5.4708          0.5040          1.1509
  841          5.4577          0.5077          1.1964
  842          5.4407          0.5114          1.1788
  843          5.4200          0.5139          0.9873
  844          5.3967          0.5197          0.8702
  845          5.3702          0.5222          1.1326
  846          5.3425          0.5268          0.9847
  847          5.3145          0.5251          0.9604
  848          5.2871          0.5269          0.8238
  849          5.2604          0.5289          1.1763
  850          5.2356          0.5307          0.9441
  851          5.2139          0.5327          0.9923
  852          5.1940          0.5314          1.0864
  853          5.1769          0.5378          0.7573
  854          5.1625          0.5338          0.9108
  855          5.1513          0.5329          0.8837
  856          5.1427          0.5313          1.0155
  857          5.1345          0.5346          1.0085
  858          5.1260          0.5393          1.0714
  859          5.1205          0.5382          0.7914
  860          5.1163          0.5437          1.1360
  861          5.1127          0.5475          0.9214
  862          5.1081          0.5538          0.9652
  863          5.1032          0.5576          0.8680
  864          5.0989          0.5640          0.9614
  865          5.0932          0.5722          1.1913
  866          5.0897          0.5791          0.8652
  867          5.0840          0.5878          1.0463
  868          5.0796          0.5922          0.9200
  869          5.0784          0.6006          0.9932
  870          5.0773          0.6105          0.9319
  871          5.0785          0.6214          1.0316
  872          5.0792          0.6314          0.8320
  873          5.0839          0.6367          1.2084
  874          5.0901          0.6469          1.3888
  875          5.0993          0.6526          1.0626
  876          5.1078          0.6626          0.8321
  877          5.1186          0.6662          0.9151
  878          5.1319          0.6726          0.8283
  879          5.1429          0.6761          0.9381
  880          5.1556          0.6766          0.9034
  881          5.1688          0.6797          0.9006
  882          5.1820          0.6810          1.0332
  883          5.1928          0.6880          1.0880
  884          5.2018          0.6885          0.8398
  885          5.2099          0.6860          1.0027
  886          5.2160          0.6800          0.9808
  887          5.2209          0.6745          1.0569
  888          5.2255          0.6709          1.1582
  889          5.2295          0.6708          1.1124
  890          5.2316          0.6673          0.8729
  891          5.2346          0.6652          0.9770
  892          5.2381          0.6600          0.9641
  893          5.2410          0.6589          0.9785
  894          5.2445          0.6573          0.8820
  895          5.2491          0.6545          0.8940
  896          5.2561          0.6586          0.9526
  897          5.2661          0.6563          0.8975
  898          5.2775          0.6601          1.0431
  899          5.2921          0.6633          0.9198
  900          5.3075          0.6598          0.9957
  901          5.3270          0.6636          1.0537
  902          5.3478          0.6677          1.2120
  903          5.3686          0.6692          1.1482
  904          5.3920          0.6653          1.1423
  905          5.4161          0.6684          1.1004
  906          5.4403          0.6705          0.9455
  907          5.4661          0.6702          1.0179
  908          5.4904          0.6711          0.9291
  909          5.5161          0.6724          0.9602
  910          5.5389          0.6741          0.9520
  911          5.5616          0.6724          1.0934
  912          5.5826          0.6696          1.0144
  913          5.6011          0.6710          1.0685
  914          5.6175          0.6725          1.0684
  915          5.6308          0.6740          0.9935
  916          5.6403          0.6747          1.0992
  917          5.6456          0.6734          0.8384
  918          5.6463          0.6715          0.9398
  919          5.6423          0.6749          0.9152
  920          5.6333          0.6745          0.9683
  921          5.6200          0.6787          1.1112
  922          5.6021          0.6787          1.1127
  923          5.5801          0.6843          0.8666
  924          5.5540          0.6910          0.9804
  925          5.5248          0.7015          1.1299
  926          5.4927          0.7143          0.8890
  927          5.4583          0.7254          0.9669
  928          5.4245          0.7392          0.9569
  929          5.3898          0.7556          1.0527
  930          5.3535          0.7736          1.0853
  931          5.3171          0.7930          0.9755
  932          5.2810          0.8124          1.0057
  933          5.2450          0.8331          0.8417
  934          5.2095          0.8547          0.9587
  935          5.1754          0.8770          0.8482
  936          5.1429          0.8993          0.7994
  937          5.1107          0.9206          0.9116
  938          5.0804          0.9424          0.9823
  939          5.0519          0.9652          0.9065
  940          5.0260          0.9904          1.0021
  941          5.0031          1.0103          1.1146
  942          4.9836          1.0317          1.0301
  943          4.9677          1.0514          0.8137
  944          4.9560          1.0705          1.1211
  945          4.9490          1.0893          0.9731
  946          4.9464          1.1071          0.9263
  947          4.9478          1.1204          0.9950
  948          4.9530          1.1361          0.7828
  949          4.9621          1.1472          0.9120
  950          4.9732          1.1587          0.9378
  951          4.9850          1.1682          0.8066
  952          4.9977          1.1797          0.8340
  953          5.0097          1.1888          1.0644
  954          5.0226          1.1975          0.9191
  955          5.0351          1.2045          0.9421
  956          5.0459          1.2110          0.9801
  957          5.0550          1.2126          0.8772
  958          5.0626          1.2206          1.1644
  959          5.0688          1.2213          1.0471
  960          5.0743          1.2188          0.9526
  961          5.0807          1.2234          0.9908
  962          5.0851          1.2261          0.9044
  963          5.0924          1.2260          0.7699
  964          5.0977          1.2313          0.8215
  965          5.1069          1.2369          0.9861
  966          5.1176          1.2470          0.9472
  967          5.1297          1.2575          0.8221
  968          5.1405          1.2677          1.0469
  969          5.1547          1.2813          1.1143
  970          5.1721          1.2919          1.0890
  971          5.1922          1.3074          1.0102
  972          5.2094          1.3198          0.9991
  973          5.2259          1.3355          0.8100
  974          5.2442          1.3501          1.0331
  975          5.2551          1.3655          1.1901
  976          5.2640          1.3821          1.0732
  977          5.2731          1.3990          1.1553
  978          5.2748          1.4165          1.2209
  979          5.2737          1.4352          0.9569
  980          5.2702          1.4502          1.0485
  981          5.2587          1.4612          1.0510
  982          5.2451          1.4772          1.1804
  983          5.2260          1.4959          0.9142
  984          5.2034          1.5094          0.9414
  985          5.1766          1.5213          0.8701
  986          5.1459          1.5322          1.3035
  987          5.1133          1.5455          1.0498
  988          5.0764          1.5555          0.8959
  989          5.0386          1.5635          1.0814
  990          4.9986          1.5672          0.9082
  991          4.9583          1.5754          0.8915
  992          4.9180          1.5764          1.0162
  993          4.8778          1.5788          0.9762
  994          4.8388          1.5785          1.0079
  995          4.8020          1.5738          0.9921
  996          4.7682          1.5662          0.9390
  997          4.7368          1.5602          0.9719
  998          4.7091          1.5523          0.9730
  999          4.6866          1.5404          1.1057
 1000          4.6677          1.5345          0.7691
