    1          1.7779          1.7779          0.9862
    2          1.7226          1.5322          0.9435
    3          1.6652          1.3852          1.0344
    4          1.6096          1.2866          1.0254
    5          1.5530          1.2069          1.1079
    6          1.5004          1.1417          0.9408
    7          1.4566          1.0770          1.0572
    8          1.4199          1.0360          0.9821
    9          1.3852          0.9902          0.8845
   10          1.3552          0.9473          0.8499
   11          1.3292          0.9040          0.7875
   12          1.3059          0.8677          1.1446
   13          1.2947          0.8346          0.9371
   14          1.2850          0.7989          0.9123
   15          1.2848          0.7675          1.0887
   16          1.2901          0.7408          0.9611
   17          1.3005          0.7125          0.8893
   18          1.3162          0.6861          0.9704
   19          1.3359          0.6657          0.9895
   20          1.3600          0.6452          0.9394
   21          1.3869          0.6317          1.2434
   22          1.4186          0.6107          0.9605
   23          1.4518          0.5978          0.7306
   24          1.4859          0.5871          0.9950
   25          1.5211          0.5786          0.8582
   26          1.5579          0.5774          0.7636
   27          1.5955          0.5726          0.9247
   28          1.6336          0.5714          0.9257
   29          1.6720          0.5572          0.9020
   30          1.7105          0.5591          0.7900
   31          1.7481          0.5535          1.0834
   32          1.7866          0.5585          1.0799
   33          1.8246          0.5530          0.8097
   34          1.8621          0.5495          1.0277
   35          1.8989          0.5481          1.1124
   36          1.9364          0.5503          0.9609
   37          1.9697          0.5397          0.9163
   38          2.0027          0.5267          1.0415
   39          2.0377          0.5285          1.0318
   40          2.0659          0.5219          1.0303
   41          2.0946          0.5216          1.1440
   42          2.1229          0.5195          1.0195
   43          2.1468          0.5235          0.9224
   44          2.1696          0.5168          0.7510
   45          2.1897          0.5126          1.0691
   46          2.2076          0.5007          0.9407
   47          2.2213          0.4992          0.8258
   48          2.2290          0.4985          1.0094
   49          2.2367          0.4969          1.0096
   50          2.2458          0.4927          1.0518
   51          2.2521          0.4834          0.9792
   52          2.2528          0.4892          1.0348
   53          2.2544          0.4875          1.0506
   54          2.2538          0.4952          1.1962
   55          2.2541          0.4904          0.9071
   56          2.2535          0.4883          1.1414
   57          2.2510          0.4928          0.8801
   58          2.2483          0.4884          1.0084
   59          2.2396          0.4850          0.8875
   60          2.2369          0.4801          1.1521
   61          2.2246          0.4786          0.9627
   62          2.2142          0.4731          1.0365
   63          2.2070          0.4764          0.8661
   64          2.2020          0.4719          0.7661
   65          2.1929          0.4713          0.7615
   66          2.1851          0.4708          0.9224
   67          2.1703          0.4657          1.0060
   68          2.1544          0.4630          1.0647
   69          2.1408          0.4524          1.0610
   70          2.1303          0.4457          0.9725
   71          2.1202          0.4430          0.9077
   72          2.1106          0.4428          0.9999
   73          2.1007          0.4415          0.8821
   74          2.0812          0.4364          1.1317
   75          2.0762          0.4394          0.8950
   76          2.0663          0.4324          0.8266
   77          2.0512          0.4361          1.0712
   78          2.0455          0.4289          1.1072
   79          2.0322          0.4197          0.9491
   80          2.0242          0.4156          1.0244
   81          2.0131          0.4184          1.0780
   82          2.0102          0.4161          0.8537
   83          2.0001          0.4029          0.8833
   84          1.9916          0.4090          0.8633
   85          1.9847          0.3982          0.9782
   86          1.9810          0.3950          1.0808
   87          1.9824          0.3846          0.9777
   88          1.9713          0.3925          1.1165
   89          1.9668          0.3830          0.9547
   90          1.9628          0.3886          1.0827
   91          1.9587          0.3792          1.0127
   92          1.9631          0.3737          0.9460
   93          1.9576          0.3737          1.1047
   94          1.9636          0.3912          0.9711
   95          1.9755          0.3887          1.0597
   96          1.9762          0.3946          1.0073
   97          1.9852          0.3841          1.0294
   98          1.9945          0.3784          0.9396
   99          2.0171          0.3916          1.1087
  100          2.0476          0.4004          1.0235
  101          2.0686          0.3891          1.1675
  102          2.0968          0.3689          1.1319
  103          2.1292          0.3660          1.1753
  104          2.1640          0.3518          1.0185
  105          2.2030          0.3420          1.1558
  106          2.2429          0.3420          1.0354
  107          2.2817          0.3445          1.1731
  108          2.3234          0.3470          1.0020
  109          2.3624          0.3313          1.0073
  110          2.4011          0.3199          1.1792
  111          2.4363          0.3038          1.0500
  112          2.4670          0.2894          1.0100
  113          2.4936          0.2901          0.6610
  114          2.5142          0.2843          1.1457
  115          2.5288          0.2743          1.2286
  116          2.5369          0.2811          1.0039
  117          2.5382          0.2732          1.0921
  118          2.5332          0.2571          1.0207
  119          2.5218          0.2474          1.0248
  120          2.5053          0.2369          0.9563
  121          2.4837          0.2324          1.0388
  122          2.4600          0.2288          0.9382
  123          2.4348          0.2231          1.2671
  124          2.4098          0.2192          0.9967
  125          2.3860          0.2227          0.8865
  126          2.3647          0.2188          1.0855
  127          2.3469          0.2056          1.1259
  128          2.3336          0.2085          1.0203
  129          2.3254          0.1945          1.1225
  130          2.3230          0.2123          1.1422
  131          2.3256          0.1986          0.9164
  132          2.3335          0.2035          0.8585
  133          2.3462          0.2018          1.2235
  134          2.3637          0.2011          1.0181
  135          2.3853          0.1939          0.8734
  136          2.4105          0.1897          1.0425
  137          2.4378          0.1944          0.9652
  138          2.4664          0.1924          1.2613
  139          2.4964          0.2076          0.8720
  140          2.5281          0.2154          1.0530
  141          2.5614          0.2171          1.0407
  142          2.5971          0.2240          1.0009
  143          2.6336          0.2239          0.9872
  144          2.6731          0.2102          0.9727
  145          2.7137          0.2169          0.8398
  146          2.7588          0.2156          0.8723
  147          2.8082          0.2037          1.1164
  148          2.8617          0.2062          0.9976
  149          2.9190          0.2000          0.9393
  150          2.9832          0.1984          1.1266
  151          3.0541          0.1899          1.0620
  152          3.1321          0.1945          1.0000
  153          3.2177          0.1930          0.9037
  154          3.3158          0.1991          0.9807
  155          3.4176          0.2026          1.0948
  156          3.5276          0.2056          0.9535
  157          3.6365          0.2031          1.1451
  158          3.7511          0.1943          1.1241
  159          3.8663          0.1886          0.9128
  160          3.9811          0.1872          0.8687
  161          4.0945          0.1902          0.9365
  162          4.2020          0.1853          0.9851
  163          4.2995          0.1908          1.1547
  164          4.3920          0.1894          0.9052
  165          4.4744          0.1836          0.9714
  166          4.5468          0.1802          0.9575
  167          4.6083          0.1795          0.8118
  168          4.6600          0.1816          1.0361
  169          4.7006          0.1852          1.0234
  170          4.7316          0.1847          1.1207
  171          4.7530          0.1837          1.0585
  172          4.7662          0.1820          0.8391
  173          4.7721          0.1753          1.1570
  174          4.7715          0.1737          1.0053
  175          4.7649          0.1684          1.1086
  176          4.7535          0.1796          1.0986
  177          4.7383          0.1739          1.0229
  178          4.7199          0.1787          0.9690
  179          4.6967          0.1789          0.9346
  180          4.6715          0.1794          1.0372
  181          4.6429          0.1831          0.8722
  182          4.6132          0.1851          0.9849
  183          4.5821          0.1953          1.1355
  184          4.5499          0.2010          1.0261
  185          4.5170          0.2084          0.8543
  186          4.4823          0.2042          0.9074
  187          4.4463          0.2132          1.0429
  188          4.4093          0.2104          1.1943
  189          4.3711          0.2247          1.0828
  190          4.3333          0.2268          0.9967
  191          4.2944          0.2330          0.8565
  192          4.2541          0.2381          0.8799
  193          4.2145          0.2376          1.0692
  194          4.1747          0.2294          0.7937
  195          4.1357          0.2314          0.8024
  196          4.0978          0.2308          1.0222
  197          4.0588          0.2418          0.9098
  198          4.0236          0.2398          1.1116
  199          3.9889          0.2407          1.0103
  200          3.9551          0.2450          0.9692
  201          3.9234          0.2456          1.0348
  202          3.8941          0.2564          1.1373
  203          3.8675          0.2501          1.0580
  204          3.8432          0.2489          0.9406
  205          3.8219          0.2511          0.9888
  206          3.8039          0.2587          1.0497
  207          3.7891          0.2612          0.9514
  208          3.7776          0.2544          0.8475
  209          3.7706          0.2538          0.8789
  210          3.7669          0.2535          0.9618
  211          3.7659          0.2391          0.8795
  212          3.7685          0.2321          1.0136
  213          3.7754          0.2332          1.1725
  214          3.7836          0.2423          1.0121
  215          3.7959          0.2450          1.0103
  216          3.8082          0.2431          0.9545
  217          3.8238          0.2499          1.0707
  218          3.8441          0.2627          1.1403
  219          3.8635          0.2610          1.0825
  220          3.8849          0.2681          0.9988
  221          3.9075          0.2653          0.8498
  222          3.9282          0.2533          0.8714
  223          3.9517          0.2513          1.1352
  224          3.9738          0.2477          1.0230
  225          4.0013          0.2438          0.9897
  226          4.0272          0.2471          1.0900
  227          4.0489          0.2385          1.0719
  228          4.0734          0.2243          0.9682
  229          4.0966          0.2198          1.3064
  230          4.1210          0.2250          1.1862
  231          4.1448          0.2250          0.8397
  232          4.1707          0.2198          1.0695
  233          4.1957          0.2093          0.9115
  234          4.2140          0.1990          1.0257
  235          4.2352          0.1924          1.1014
  236          4.2545          0.1882          0.9969
  237          4.2745          0.1830          1.0941
  238          4.2856          0.1783          0.8998
  239          4.2940          0.1794          0.9199
  240          4.3016          0.1780          1.0611
  241          4.3084          0.1742          1.0082
  242          4.3133          0.1688          0.9923
  243          4.3158          0.1716          0.8672
  244          4.3167          0.1700          0.8848
  245          4.3122          0.1676          1.0037
  246          4.3081          0.1742          1.0543
  247          4.2989          0.1649          1.0089
  248          4.2891          0.1636          0.8801
  249          4.2826          0.1637          1.2103
  250          4.2775          0.1642          1.0510
  251          4.2705          0.1659          0.9678
  252          4.2600          0.1608          0.8062
  253          4.2516          0.1621          1.0456
  254          4.2469          0.1731          1.1771
  255          4.2440          0.1785          1.0241
  256          4.2415          0.1840          0.9653
  257          4.2422          0.1815          1.0147
  258          4.2423          0.1739          0.9401
  259          4.2429          0.1738          0.9705
  260          4.2463          0.1747          0.9798
  261          4.2501          0.1786          0.9792
  262          4.2542          0.1878          1.0390
  263          4.2607          0.1920          0.9709
  264          4.2681          0.2008          0.8674
  265          4.2754          0.2094          0.9121
  266          4.2830          0.2073          0.9068
  267          4.2911          0.2093          1.0226
  268          4.3004          0.2151          0.9189
  269          4.3095          0.2127          1.0232
  270          4.3188          0.1998          0.9879
  271          4.3286          0.1934          0.9845
  272          4.3386          0.1995          1.0192
  273          4.3486          0.2097          1.0144
  274          4.3588          0.2219          1.1039
  275          4.3690          0.2127          0.8285
  276          4.3791          0.2048          0.9385
  277          4.3894          0.2015          1.0637
  278          4.3998          0.1968          0.8541
  279          4.4100          0.1958          0.9867
  280          4.4203          0.1917          1.1243
  281          4.4304          0.1907          1.2126
  282          4.4393          0.1859          0.9368
  283          4.4483          0.1929          1.1501
  284          4.4590          0.1940          1.1345
  285          4.4683          0.1973          0.9450
  286          4.4767          0.1942          0.9718
  287          4.4849          0.1987          0.8303
  288          4.4923          0.1956          0.7982
  289          4.5025          0.1845          0.8175
  290          4.5077          0.1883          0.9862
  291          4.5118          0.1860          0.8580
  292          4.5163          0.1930          1.0627
  293          4.5211          0.1913          1.0303
  294          4.5223          0.1874          0.8325
  295          4.5186          0.2018          0.8665
  296          4.5168          0.1928          0.8860
  297          4.5068          0.1962          0.8690
  298          4.4995          0.1992          1.1306
  299          4.4907          0.1957          0.9788
  300          4.4736          0.1991          0.9573
  301          4.4528          0.2096          1.0211
  302          4.4328          0.2154          0.9651
  303          4.4125          0.2199          1.0319
  304          4.3942          0.2314          0.9004
  305          4.3801          0.2333          1.2204
  306          4.3713          0.2314          1.0325
  307          4.3646          0.2354          1.0546
  308          4.3605          0.2456          0.8493
  309          4.3646          0.2464          0.9346
  310          4.3753          0.2487          1.1438
  311          4.3908          0.2529          1.0672
  312          4.4186          0.2595          0.8185
  313          4.4548          0.2592          0.9412
  314          4.4949          0.2657          0.8826
  315          4.5473          0.2641          1.0015
  316          4.6117          0.2699          0.9578
  317          4.6744          0.2686          0.9742
  318          4.7334          0.2736          0.8626
  319          4.7978          0.2742          1.0349
  320          4.8693          0.2821          0.8827
  321          4.9388          0.2737          1.0219
  322          5.0064          0.2706          1.1729
  323          5.0675          0.2548          0.8963
  324          5.1255          0.2541          1.0905
  325          5.1797          0.2551          0.9735
  326          5.2333          0.2552          1.0395
  327          5.2818          0.2517          1.1144
  328          5.3197          0.2604          0.9278
  329          5.3566          0.2668          1.0074
  330          5.3879          0.2664          0.8966
  331          5.4137          0.2657          1.0048
  332          5.4350          0.2672          1.1735
  333          5.4542          0.2688          0.7908
  334          5.4709          0.2784          0.9776
  335          5.4749          0.2732          0.9878
  336          5.4781          0.2646          0.9700
  337          5.4774          0.2681          1.0538
  338          5.4700          0.2733          0.8249
  339          5.4531          0.2813          1.1301
  340          5.4289          0.2857          1.0563
  341          5.3979          0.2926          1.0033
  342          5.3575          0.2791          0.9990
  343          5.3074          0.2806          1.1414
  344          5.2512          0.2868          1.1578
  345          5.1895          0.2851          1.0186
  346          5.1212          0.2729          0.5779
  347          5.0544          0.2661          0.8531
  348          4.9856          0.2663          1.1469
  349          4.9165          0.2572          1.1151
  350          4.8492          0.2555          0.8956
  351          4.7858          0.2485          1.1264
  352          4.7281          0.2633          0.8333
  353          4.6734          0.2627          0.9479
  354          4.6261          0.2611          1.0977
  355          4.5848          0.2589          0.9983
  356          4.5497          0.2722          0.9349
  357          4.5202          0.2789          0.8908
  358          4.4967          0.2764          0.9253
  359          4.4795          0.2707          1.0256
  360          4.4640          0.2647          1.2289
  361          4.4555          0.2748          1.0705
  362          4.4476          0.2696          1.1114
  363          4.4414          0.2806          0.7984
  364          4.4343          0.2967          1.0909
  365          4.4317          0.2869          0.8782
  366          4.4295          0.2776          1.0157
  367          4.4307          0.2877          1.1360
  368          4.4292          0.2963          1.0075
  369          4.4319          0.3106          1.1140
  370          4.4344          0.3183          1.1877
  371          4.4391          0.3113          1.0015
  372          4.4468          0.3045          0.9700
  373          4.4597          0.3096          1.0853
  374          4.4808          0.2946          0.9433
  375          4.4995          0.2835          0.8350
  376          4.5247          0.2749          1.0308
  377          4.5545          0.2770          1.0473
  378          4.5915          0.2861          1.0854
  379          4.6381          0.2782          0.8680
  380          4.6819          0.2902          0.9755
  381          4.7351          0.2982          0.9582
  382          4.7921          0.2832          1.2120
  383          4.8531          0.2653          1.0941
  384          4.9168          0.2550          1.0173
  385          4.9868          0.2403          1.2547
  386          5.0590          0.2526          1.1271
  387          5.1281          0.2483          0.8545
  388          5.1922          0.2461          1.0020
  389          5.2619          0.2420          0.8975
  390          5.3258          0.2351          1.1756
  391          5.3912          0.2292          0.8211
  392          5.4504          0.2185          1.0706
  393          5.5060          0.2166          1.1490
  394          5.5556          0.2062          1.1213
  395          5.6004          0.2007          0.9181
  396          5.6416          0.1995          1.0216
  397          5.6755          0.2052          1.0411
  398          5.7062          0.2037          0.8622
  399          5.7345          0.1998          0.8713
  400          5.7576          0.1987          0.9782
  401          5.7759          0.1982          0.7953
  402          5.7886          0.1960          0.8726
  403          5.7996          0.1967          0.9323
  404          5.8086          0.1997          0.9484
  405          5.8142          0.1873          0.9282
  406          5.8170          0.1763          1.0487
  407          5.8178          0.1675          1.3023
  408          5.8157          0.1632          1.0940
  409          5.8124          0.1568          0.9793
  410          5.8080          0.1624          1.0363
  411          5.8022          0.1686          1.0833
  412          5.7956          0.1619          1.0983
  413          5.7883          0.1597          1.0400
  414          5.7806          0.1539          1.0328
  415          5.7727          0.1553          1.0403
  416          5.7643          0.1482          0.9371
  417          5.7560          0.1467          0.8411
  418          5.7483          0.1516          1.3673
  419          5.7405          0.1420          0.9734
  420          5.7324          0.1396          0.8826
  421          5.7237          0.1453          1.0149
  422          5.7140          0.1460          0.9676
  423          5.7029          0.1535          1.0142
  424          5.6899          0.1541          1.0223
  425          5.6746          0.1509          1.3335
  426          5.6566          0.1480          0.9186
  427          5.6354          0.1508          1.1413
  428          5.6108          0.1526          1.1211
  429          5.5825          0.1558          1.0194
  430          5.5501          0.1576          1.0066
  431          5.5142          0.1696          1.0931
  432          5.4747          0.1670          0.8982
  433          5.4322          0.1595          1.0578
  434          5.3873          0.1609          1.1804
  435          5.3410          0.1683          0.8692
  436          5.2944          0.1697          0.8668
  437          5.2487          0.1748          0.9749
  438          5.2054          0.1693          1.0604
  439          5.1660          0.1639          1.2365
  440          5.1315          0.1585          1.0616
  441          5.1029          0.1545          1.0553
  442          5.0809          0.1551          0.9311
  443          5.0660          0.1613          0.9250
  444          5.0578          0.1597          1.0231
  445          5.0559          0.1626          1.0728
  446          5.0591          0.1591          1.0083
  447          5.0656          0.1665          0.9304
  448          5.0746          0.1671          1.1760
  449          5.0838          0.1696          0.7238
  450          5.0922          0.1808          1.0841
  451          5.0995          0.1933          1.0823
  452          5.1055          0.1987          0.9584
  453          5.1090          0.1906          1.1852
  454          5.1102          0.1885          0.8339
  455          5.1085          0.1931          0.8935
  456          5.1032          0.1908          1.0033
  457          5.0967          0.2004          0.9712
  458          5.0865          0.1976          0.8569
  459          5.0744          0.2039          0.8947
  460          5.0598          0.1971          0.7688
  461          5.0452          0.1991          1.0750
  462          5.0263          0.2048          0.7645
  463          5.0053          0.2007          1.2865
  464          4.9813          0.1972          0.8665
  465          4.9559          0.1823          0.9309
  466          4.9301          0.1807          0.9344
  467          4.9003          0.1722          1.0120
  468          4.8708          0.1546          0.9509
  469          4.8394          0.1705          1.0977
  470          4.8100          0.1676          0.8657
  471          4.7796          0.1613          0.8946
  472          4.7508          0.1687          1.1083
  473          4.7227          0.1642          0.9282
  474          4.6954          0.1614          0.9163
  475          4.6694          0.1573          1.1314
  476          4.6448          0.1562          0.9081
  477          4.6213          0.1457          0.9306
  478          4.6006          0.1478          0.8267
  479          4.5798          0.1457          0.8900
  480          4.5605          0.1374          1.1119
  481          4.5424          0.1324          1.1117
  482          4.5255          0.1259          0.8831
  483          4.5097          0.1260          0.9926
  484          4.4949          0.1230          1.0025
  485          4.4817          0.1216          0.9645
  486          4.4698          0.1284          1.0457
  487          4.4590          0.1307          0.9455
  488          4.4498          0.1271          0.8328
  489          4.4418          0.1282          0.6807
  490          4.4358          0.1309          0.9701
  491          4.4325          0.1386          0.8898
  492          4.4317          0.1363          1.0001
  493          4.4336          0.1375          0.9343
  494          4.4400          0.1447          0.9808
  495          4.4471          0.1443          0.9175
  496          4.4557          0.1476          0.9679
  497          4.4686          0.1545          0.9153
  498          4.4823          0.1580          1.0000
  499          4.4998          0.1589          0.9065
  500          4.5167          0.1704          1.0530
  501          4.5352          0.1708          0.8870
  502          4.5571          0.1716          1.1154
  503          4.5772          0.1814          0.9697
  504          4.5991          0.1852          0.9843
  505          4.6233          0.1984          1.1326
  506          4.6452          0.2092          1.0862
  507          4.6689          0.2145          1.0012
  508          4.6898          0.2068          1.0749
  509          4.7126          0.2053          1.0390
  510          4.7341          0.2017          1.1821
  511          4.7539          0.1890          1.0447
  512          4.7735          0.1840          1.0947
  513          4.7927          0.1906          1.1159
  514          4.8125          0.1950          0.8768
  515          4.8271          0.1937          0.9071
  516          4.8415          0.1885          0.9628
  517          4.8534          0.1944          0.9694
  518          4.8614          0.1921          0.9442
  519          4.8715          0.1943          1.0623
  520          4.8746          0.1986          1.1402
  521          4.8734          0.2148          1.0575
  522          4.8736          0.2196          1.1030
  523          4.8687          0.2251          1.2328
  524          4.8620          0.2106          0.8965
  525          4.8511          0.2173          1.0015
  526          4.8450          0.2124          0.8337
  527          4.8254          0.2119          1.0281
  528          4.8112          0.2077          0.7864
  529          4.7910          0.2121          1.0746
  530          4.7671          0.2113          0.9557
  531          4.7416          0.2222          1.2233
  532          4.7169          0.2037          1.0394
  533          4.6870          0.1999          1.2447
  534          4.6557          0.2071          1.1883
  535          4.6276          0.2035          1.3136
  536          4.6070          0.1961          1.0240
  537          4.5918          0.1943          0.9933
  538          4.5745          0.1933          1.0796
  539          4.5695          0.1864          1.1050
  540          4.5704          0.1893          0.9837
  541          4.5747          0.1923          1.0923
  542          4.5798          0.1871          0.9928
  543          4.5903          0.1794          0.9705
  544          4.6102          0.1861          1.0608
  545          4.6322          0.1813          0.8053
  546          4.6612          0.1873          0.9493
  547          4.6972          0.1893          0.8884
  548          4.7365          0.1816          0.9991
  549          4.7802          0.1783          1.0872
  550          4.8297          0.1779          1.0068
  551          4.8797          0.1751          0.7612
  552          4.9323          0.1730          0.9777
  553          4.9852          0.1779          0.9831
  554          5.0391          0.1707          1.0855
  555          5.0902          0.1644          1.0368
  556          5.1438          0.1684          0.9426
  557          5.1934          0.1660          0.7190
  558          5.2446          0.1626          0.9576
  559          5.2977          0.1616          1.0121
  560          5.3460          0.1580          0.9789
  561          5.3902          0.1575          1.0767
  562          5.4311          0.1572          1.0570
  563          5.4683          0.1616          0.8934
  564          5.4941          0.1641          1.1138
  565          5.5157          0.1582          0.8511
  566          5.5297          0.1527          0.7961
  567          5.5378          0.1527          0.8717
  568          5.5350          0.1485          1.0822
  569          5.5245          0.1488          1.0939
  570          5.5040          0.1445          0.9695
  571          5.4762          0.1426          1.1558
  572          5.4347          0.1416          1.0987
  573          5.3904          0.1382          0.9581
  574          5.3353          0.1377          1.1498
  575          5.2728          0.1373          1.1124
  576          5.2066          0.1502          1.1506
  577          5.1378          0.1388          1.0874
  578          5.0641          0.1446          0.8979
  579          4.9930          0.1362          0.9228
  580          4.9216          0.1429          0.8470
  581          4.8500          0.1415          1.0657
  582          4.7775          0.1416          1.0277
  583          4.7151          0.1489          0.8911
  584          4.6555          0.1496          0.9961
  585          4.6096          0.1576          0.9606
  586          4.5704          0.1648          0.9796
  587          4.5369          0.1670          0.9278
  588          4.5165          0.1854          0.9027
  589          4.5042          0.1787          1.0258
  590          4.5023          0.1818          0.9413
  591          4.5133          0.1706          1.0965
  592          4.5364          0.1780          0.9896
  593          4.5644          0.1777          1.0656
  594          4.6017          0.1779          0.8384
  595          4.6507          0.1782          0.9887
  596          4.7080          0.1830          1.0892
  597          4.7693          0.1777          1.0677
  598          4.8367          0.1947          0.9864
  599          4.9074          0.2023          0.9177
  600          4.9831          0.2035          1.1016
  601          5.0633          0.2019          1.0730
  602          5.1465          0.2148          0.9658
  603          5.2292          0.2319          1.0590
  604          5.3106          0.2296          0.8906
  605          5.3911          0.2027          1.0027
  606          5.4685          0.2053          1.0697
  607          5.5443          0.2083          1.0188
  608          5.6150          0.1914          1.1195
  609          5.6829          0.1971          0.8412
  610          5.7425          0.2083          0.9869
  611          5.7993          0.2159          0.7516
  612          5.8480          0.2197          0.9602
  613          5.8913          0.2228          1.0250
  614          5.9269          0.2277          1.0335
  615          5.9556          0.2202          0.8765
  616          5.9795          0.2201          1.1401
  617          5.9967          0.2243          0.9004
  618          6.0097          0.2185          1.0750
  619          6.0179          0.2141          1.0298
  620          6.0222          0.2003          1.0244
  621          6.0220          0.1947          0.9677
  622          6.0188          0.1933          1.0379
  623          6.0151          0.1965          0.9822
  624          6.0102          0.1896          0.9938
  625          6.0028          0.1820          0.9426
  626          5.9911          0.1867          1.0918
  627          5.9824          0.1930          0.8741
  628          5.9730          0.1960          1.0200
  629          5.9628          0.2002          1.0571
  630          5.9536          0.2041          0.9637
  631          5.9441          0.2051          1.0039
  632          5.9354          0.2093          0.7443
  633          5.9257          0.2040          0.8101
  634          5.9151          0.2059          1.0848
  635          5.9049          0.2121          1.0611
  636          5.8928          0.2105          1.0507
  637          5.8775          0.2115          1.1346
  638          5.8623          0.2140          0.9745
  639          5.8447          0.2216          1.0447
  640          5.8250          0.2294          0.9160
  641          5.8034          0.2260          0.9462
  642          5.7807          0.2344          0.9068
  643          5.7544          0.2291          1.0629
  644          5.7271          0.2319          1.0074
  645          5.6969          0.2318          1.0988
  646          5.6656          0.2236          0.9904
  647          5.6317          0.2178          0.9960
  648          5.5970          0.2101          0.9666
  649          5.5606          0.2011          0.9371
  650          5.5246          0.1972          0.9102
  651          5.4886          0.1895          0.8965
  652          5.4516          0.1879          1.0638
  653          5.4169          0.1830          1.0122
  654          5.3835          0.1833          0.9309
  655          5.3511          0.1838          0.9734
  656          5.3201          0.1896          0.8619
  657          5.2917          0.1994          1.2575
  658          5.2662          0.2048          0.9588
  659          5.2448          0.2068          1.0331
  660          5.2266          0.2123          0.9397
  661          5.2126          0.2146          1.0184
  662          5.2026          0.2150          0.8869
  663          5.1954          0.2137          1.0311
  664          5.1926          0.2125          0.9914
  665          5.1937          0.2248          0.9028
  666          5.1987          0.2368          0.8772
  667          5.2070          0.2364          0.9059
  668          5.2189          0.2335          1.0071
  669          5.2345          0.2341          1.2022
  670          5.2535          0.2308          1.0426
  671          5.2759          0.2334          1.0066
  672          5.3027          0.2397          0.9176
  673          5.3339          0.2463          0.7498
  674          5.3684          0.2441          0.8129
  675          5.4060          0.2473          0.9587
  676          5.4468          0.2472          0.9332
  677          5.4893          0.2481          0.9138
  678          5.5349          0.2553          0.9093
  679          5.5823          0.2589          0.8655
  680          5.6301          0.2570          1.0429
  681          5.6795          0.2566          0.8939
  682          5.7293          0.2647          1.0771
  683          5.7781          0.2596          0.9087
  684          5.8261          0.2654          0.9577
  685          5.8722          0.2674          1.2276
  686          5.9159          0.2657          0.8292
  687          5.9559          0.2714          0.8473
  688          5.9920          0.2720          1.0829
  689          6.0241          0.2687          1.1403
  690          6.0516          0.2753          0.7714
  691          6.0745          0.2796          1.1054
  692          6.0914          0.2826          1.0589
  693          6.1021          0.2852          0.9869
  694          6.1070          0.2822          0.9621
  695          6.1070          0.2840          0.9735
  696          6.1008          0.2852          0.8278
  697          6.0893          0.2847          0.8887
  698          6.0730          0.2863          0.9264
  699          6.0526          0.2887          1.0851
  700          6.0289          0.2903          0.9275
  701          6.0025          0.2940          0.7693
  702          5.9747          0.2959          1.0203
  703          5.9460          0.3001          0.7752
  704          5.9176          0.3036          0.8644
  705          5.8906          0.3079          0.9343
  706          5.8658          0.3197          0.8525
  707          5.8436          0.3265          0.9651
  708          5.8245          0.3355          0.8280
  709          5.8088          0.3448          1.0290
  710          5.7969          0.3546          0.7060
  711          5.7899          0.3599          0.8520
  712          5.7867          0.3577          1.0974
  713          5.7875          0.3663          1.0261
  714          5.7923          0.3733          0.9626
  715          5.8000          0.3668          0.9209
  716          5.8105          0.3672          1.1557
  717          5.8235          0.3711          0.9562
  718          5.8386          0.3832          1.2808
  719          5.8546          0.3808          1.0462
  720          5.8710          0.3713          0.9244
  721          5.8874          0.3664          1.0487
  722          5.9030          0.3812          1.1304
  723          5.9172          0.3677          0.9331
  724          5.9287          0.3552          0.9759
  725          5.9373          0.3503          0.8594
  726          5.9424          0.3351          1.0427
  727          5.9438          0.3238          0.9940
  728          5.9415          0.3166          0.9862
  729          5.9356          0.3145          1.0531
  730          5.9257          0.3061          1.0152
  731          5.9127          0.3026          0.9043
  732          5.8967          0.3018          0.9649
  733          5.8778          0.2903          0.9120
  734          5.8573          0.2725          1.1701
  735          5.8357          0.2564          0.9474
  736          5.8139          0.2534          1.0293
  737          5.7927          0.2520          0.8335
  738          5.7726          0.2517          1.0615
  739          5.7542          0.2433          0.9627
  740          5.7376          0.2345          1.1375
  741          5.7231          0.2322          0.9253
  742          5.7116          0.2296          1.0823
  743          5.7020          0.2317          1.1017
  744          5.6941          0.2299          0.9686
  745          5.6897          0.2322          0.8974
  746          5.6870          0.2306          0.8698
  747          5.6838          0.2360          1.0189
  748          5.6823          0.2439          1.0622
  749          5.6821          0.2476          1.2752
  750          5.6821          0.2461          0.9015
  751          5.6817          0.2431          1.0175
  752          5.6814          0.2558          1.0867
  753          5.6784          0.2580          1.1133
  754          5.6750          0.2591          0.9589
  755          5.6711          0.2544          0.8053
  756          5.6646          0.2493          0.7530
  757          5.6571          0.2460          0.9521
  758          5.6469          0.2594          1.0893
  759          5.6341          0.2661          1.0076
  760          5.6186          0.2630          0.9365
  761          5.6005          0.2666          1.0322
  762          5.5785          0.2762          1.0543
  763          5.5539          0.2731          0.9545
  764          5.5266          0.2645          0.9069
  765          5.4964          0.2625          0.9766
  766          5.4635          0.2538          1.0866
  767          5.4265          0.2583          0.9722
  768          5.3857          0.2595          0.9729
  769          5.3446          0.2710          1.0362
  770          5.3015          0.2615          1.0475
  771          5.2576          0.2665          1.0788
  772          5.2125          0.2586          1.0562
  773          5.1692          0.2600          1.0616
  774          5.1287          0.2627          1.0175
  775          5.0920          0.2581          1.0368
  776          5.0563          0.2624          0.9614
  777          5.0255          0.2590          1.0140
  778          5.0023          0.2600          0.7625
  779          4.9843          0.2569          1.0452
  780          4.9707          0.2732          0.9231
  781          4.9634          0.2828          1.0516
  782          4.9623          0.2714          1.1171
  783          4.9678          0.2815          0.9038
  784          4.9802          0.2893          0.8962
  785          4.9985          0.2859          0.8710
  786          5.0215          0.2859          0.9763
  787          5.0495          0.2940          1.0620
  788          5.0831          0.2800          1.1655
  789          5.1202          0.2858          1.0373
  790          5.1605          0.2807          0.8411
  791          5.2033          0.2782          0.8714
  792          5.2478          0.2842          0.8942
  793          5.2934          0.2892          0.9329
  794          5.3390          0.2836          1.0850
  795          5.3842          0.2867          1.0199
  796          5.4280          0.2827          0.9121
  797          5.4699          0.2815          1.0363
  798          5.5094          0.2730          0.7235
  799          5.5464          0.2736          0.9468
  800          5.5804          0.2698          1.0625
  801          5.6116          0.2654          1.0984
  802          5.6400          0.2716          0.9448
  803          5.6660          0.2689          1.0131
  804          5.6898          0.2702          1.0149
  805          5.7117          0.2682          0.8032
  806          5.7322          0.2622          0.9792
  807          5.7515          0.2681          1.0815
  808          5.7701          0.2711          1.0275
  809          5.7882          0.2730          0.8635
  810          5.8062          0.2765          1.1069
  811          5.8240          0.2738          0.8562
  812          5.8418          0.2728          0.9689
  813          5.8595          0.2697          1.1175
  814          5.8772          0.2738          1.0106
  815          5.8948          0.2679          0.9132
  816          5.9119          0.2716          0.9347
  817          5.9283          0.2692          1.0314
  818          5.9435          0.2701          1.2336
  819          5.9572          0.2632          0.6745
  820          5.9693          0.2625          1.0635
  821          5.9793          0.2623          1.0653
  822          5.9866          0.2673          1.1710
  823          5.9910          0.2696          0.9137
  824          5.9925          0.2698          1.0011
  825          5.9909          0.2685          0.9576
  826          5.9856          0.2692          1.1336
  827          5.9772          0.2739          0.9124
  828          5.9659          0.2742          0.9963
  829          5.9521          0.2744          0.9606
  830          5.9359          0.2745          1.0936
  831          5.9179          0.2798          1.0682
  832          5.8988          0.2777          0.7847
  833          5.8793          0.2806          0.8699
  834          5.8612          0.2835          1.0209
  835          5.8439          0.2889          0.9266
  836          5.8292          0.2887          0.7614
  837          5.8177          0.2939          1.0424
  838          5.8101          0.2957          0.9431
  839          5.8054          0.2980          0.9926
  840          5.8048          0.3009          1.0375
  841          5.8078          0.3000          1.0979
  842          5.8135          0.3051          1.0236
  843          5.8212          0.3098          1.1555
  844          5.8300          0.3143          0.8932
  845          5.8385          0.3218          1.1391
  846          5.8457          0.3270          0.9209
  847          5.8514          0.3309          0.8148
  848          5.8536          0.3299          0.8558
  849          5.8519          0.3247          0.8680
  850          5.8447          0.3332          0.9001
  851          5.8350          0.3310          0.9498
  852          5.8199          0.3233          0.8119
  853          5.8004          0.3229          1.0315
  854          5.7803          0.3266          0.8974
  855          5.7549          0.3179          1.1040
  856          5.7284          0.3107          0.7015
  857          5.7011          0.3042          1.2949
  858          5.6723          0.3049          1.0900
  859          5.6440          0.3003          0.9588
  860          5.6182          0.2939          0.9596
  861          5.5929          0.2986          1.0151
  862          5.5690          0.2839          1.1019
  863          5.5527          0.2763          1.0148
  864          5.5393          0.2644          1.0284
  865          5.5286          0.2605          0.8570
  866          5.5246          0.2530          1.0869
  867          5.5219          0.2569          1.1798
  868          5.5248          0.2587          1.0414
  869          5.5321          0.2481          1.0067
  870          5.5430          0.2460          0.8387
  871          5.5600          0.2398          0.8641
  872          5.5807          0.2396          1.1589
  873          5.5991          0.2415          1.1241
  874          5.6222          0.2449          0.8034
  875          5.6469          0.2395          0.8272
  876          5.6766          0.2399          1.0080
  877          5.7055          0.2461          1.0483
  878          5.7331          0.2487          0.9578
  879          5.7596          0.2480          0.9186
  880          5.7841          0.2466          1.1309
  881          5.8051          0.2483          0.8765
  882          5.8252          0.2531          1.0884
  883          5.8411          0.2550          1.1419
  884          5.8548          0.2558          0.9690
  885          5.8645          0.2584          0.8824
  886          5.8686          0.2547          0.9882
  887          5.8702          0.2563          1.0873
  888          5.8688          0.2616          1.0606
  889          5.8655          0.2734          0.7878
  890          5.8574          0.2728          1.1870
  891          5.8477          0.2817          1.0665
  892          5.8368          0.2828          0.7834
  893          5.8227          0.2844          0.8772
  894          5.8090          0.2810          0.9416
  895          5.7946          0.2863          1.1385
  896          5.7815          0.2875          1.1372
  897          5.7693          0.2956          1.1545
  898          5.7584          0.3039          1.1998
  899          5.7490          0.3065          0.8136
  900          5.7406          0.3078          1.0091
  901          5.7357          0.3058          0.9758
  902          5.7344          0.3094          1.0046
  903          5.7368          0.3080          0.8127
  904          5.7419          0.3097          1.1062
  905          5.7505          0.3073          0.9356
  906          5.7616          0.3161          1.0042
  907          5.7760          0.3244          1.0155
  908          5.7931          0.3200          0.8579
  909          5.8123          0.3118          1.2730
  910          5.8343          0.3141          0.9510
  911          5.8575          0.3175          1.2013
  912          5.8814          0.3257          1.0596
  913          5.9047          0.3164          0.9060
  914          5.9272          0.3102          0.9609
  915          5.9475          0.3140          0.8229
  916          5.9652          0.3027          1.1704
  917          5.9794          0.3010          1.0626
  918          5.9893          0.3061          0.9486
  919          5.9942          0.2970          1.0613
  920          5.9938          0.3030          1.0127
  921          5.9878          0.2980          1.1292
  922          5.9763          0.2924          1.1661
  923          5.9587          0.2890          1.0335
  924          5.9363          0.2916          1.2021
  925          5.9087          0.2896          1.0174
  926          5.8773          0.2908          1.0103
  927          5.8429          0.2926          1.0010
  928          5.8062          0.2956          0.9902
  929          5.7685          0.2974          0.9861
  930          5.7302          0.3007          0.8910
  931          5.6923          0.3140          0.9695
  932          5.6571          0.3102          1.1198
  933          5.6244          0.3213          1.1602
  934          5.5943          0.3322          0.9814
  935          5.5679          0.3395          1.0160
  936          5.5456          0.3455          1.2218
  937          5.5276          0.3509          0.8525
  938          5.5133          0.3474          0.9782
  939          5.5037          0.3512          0.8224
  940          5.4974          0.3633          1.0870
  941          5.4953          0.3756          0.8599
  942          5.4970          0.3804          0.8172
  943          5.5012          0.3864          0.9018
  944          5.5071          0.3819          0.7932
  945          5.5152          0.3755          0.8355
  946          5.5227          0.3841          1.0116
  947          5.5312          0.3707          1.1647
  948          5.5384          0.3500          1.0919
  949          5.5455          0.3416          0.9541
  950          5.5517          0.3429          1.0018
  951          5.5559          0.3430          0.8831
  952          5.5594          0.3454          1.0816
  953          5.5614          0.3324          0.9957
  954          5.5619          0.3214          1.0873
  955          5.5620          0.3242          1.0247
  956          5.5611          0.3171          1.0764
  957          5.5589          0.3224          1.1302
  958          5.5567          0.3199          1.0112
  959          5.5553          0.3104          1.0016
  960          5.5543          0.2993          1.1979
  961          5.5530          0.2888          1.0134
  962          5.5542          0.2816          0.8009
  963          5.5553          0.2745          1.0572
  964          5.5585          0.2673          1.0162
  965          5.5620          0.2547          1.0437
  966          5.5658          0.2515          1.2076
  967          5.5704          0.2451          1.1119
  968          5.5758          0.2438          0.9631
  969          5.5796          0.2442          1.2438
  970          5.5849          0.2467          0.9482
  971          5.5903          0.2479          0.8087
  972          5.5959          0.2447          0.8782
  973          5.6041          0.2459          1.1447
  974          5.6141          0.2480          0.8349
  975          5.6285          0.2495          1.0344
  976          5.6468          0.2468          0.9186
  977          5.6714          0.2479          1.0867
  978          5.7020          0.2527          1.1261
  979          5.7390          0.2627          0.9397
  980          5.7829          0.2560          1.0139
  981          5.8343          0.2584          0.9488
  982          5.8912          0.2650          0.8864
  983          5.9543          0.2725          1.0721
  984          6.0218          0.2758          0.9995
  985          6.0934          0.2756          1.1307
  986          6.1673          0.2806          1.0666
  987          6.2443          0.2850          1.1140
  988          6.3228          0.2877          0.8005
  989          6.4017          0.2922          1.0564
  990          6.4808          0.2941          0.8413
  991          6.5579          0.2998          0.9941
  992          6.6317          0.3050          1.0402
  993          6.7018          0.3082          0.9677
  994          6.7652          0.3142          0.8704
  995          6.8224          0.3227          1.0562
  996          6.8710          0.3307          1.0867
  997          6.9100          0.3384          1.0830
  998          6.9387          0.3467          0.9861
  999          6.9559          0.3574          0.9650
 1000          6.9611          0.3690          0.9493
