    1           1.325
    2           1.388
    3           1.747
    4           2.087
    5           2.245
    6           2.211
    7           2.115
    8           2.004
    9           1.937
   10           2.039
   11           2.401
   12           2.441
   13           2.293
   14           2.552
   15           3.071
   16           4.116
   17           4.758
   18           4.634
   19           4.295
   20           3.936
   21           3.791
   22           3.956
   23           4.132
   24           4.197
   25           4.052
   26           3.957
   27           4.098
   28           4.254
   29           4.282
   30           4.375
   31           4.337
   32           4.636
   33           4.987
   34           5.117
   35           4.856
   36           4.692
   37           4.668
   38           5.118
   39           5.519
   40           5.301
   41           5.068
   42           5.364
   43           5.674
   44           5.475
   45           5.602
   46           5.653
   47           5.350
   48           5.233
   49           5.258
   50           5.397
   51           5.556
   52           5.413
   53           5.449
   54           5.732
   55           5.862
   56           6.174
   57           6.502
   58           6.262
   59           6.055
   60           6.134
   61           5.640
   62           5.154
   63           5.046
   64           5.355
   65           5.263
   66           5.074
   67           5.235
   68           5.469
   69           5.611
   70           5.544
   71           5.564
   72           5.534
   73           5.524
   74           5.757
   75           6.034
   76           5.601
   77           5.020
   78           4.888
   79           4.930
   80           5.082
   81           5.196
   82           5.123
   83           4.915
   84           4.668
   85           4.573
   86           4.673
   87           4.501
   88           4.267
   89           4.261
   90           4.426
   91           4.693
   92           4.775
   93           4.751
   94           4.865
   95           5.159
   96           5.535
   97           5.921
   98           5.790
   99           5.232
