    1           0.054
    2           0.050
    3           0.048
    4           0.049
    5           0.054
    6           0.066
    7           0.085
    8           0.115
    9           0.160
   10           0.230
   11           0.334
   12           0.470
   13           0.600
   14           0.826
   15           1.295
   16           1.591
   17           2.097
   18           2.552
   19           2.678
   20           2.704
   21           2.906
   22           2.903
   23           2.520
   24           2.174
   25           2.242
   26           2.783
   27           3.746
   28           4.571
   29           4.670
   30           4.385
   31           4.209
   32           4.058
   33           4.219
   34           4.203
   35           3.930
   36           4.115
   37           4.399
   38           4.306
   39           4.113
   40           4.078
   41           4.110
   42           4.349
   43           4.529
   44           4.451
   45           4.330
   46           4.317
   47           4.504
   48           4.653
   49           4.584
   50           4.415
   51           4.265
   52           4.620
   53           5.100
   54           5.319
   55           5.306
   56           5.209
   57           5.165
   58           5.097
   59           4.902
   60           4.736
   61           4.889
   62           5.082
   63           5.257
   64           5.389
   65           5.302
   66           5.226
   67           5.477
   68           5.776
   69           5.508
   70           4.990
   71           5.064
   72           5.120
   73           5.048
   74           5.017
   75           4.774
   76           4.641
   77           4.583
   78           4.200
   79           4.346
   80           4.825
   81           4.890
   82           4.704
   83           4.623
   84           4.609
   85           4.480
   86           4.311
   87           4.492
   88           4.691
   89           4.587
   90           4.526
   91           4.586
   92           4.841
   93           5.030
   94           4.838
   95           4.568
   96           4.454
   97           4.304
   98           4.216
   99           4.311
  100           4.199
