    1           0.005
    2           0.001
    3           0.019
    4           0.046
    5           0.035
    6           0.053
    7           0.054
    8           0.068
    9           0.070
   10           0.090
   11           0.128
   12           0.191
   13           0.281
   14           0.325
   15           0.389
   16           0.369
   17           0.310
   18           0.317
   19           0.252
   20           0.222
   21           0.218
   22           0.225
   23           0.248
   24           0.297
   25           0.432
   26           0.734
   27           1.297
   28           2.132
   29           2.941
   30           3.447
   31           3.632
   32           3.497
   33           3.226
   34           2.950
   35           2.768
   36           2.635
   37           2.658
   38           2.853
   39           3.007
   40           3.035
   41           2.817
   42           2.600
   43           2.765
   44           3.419
   45           4.184
   46           4.629
   47           4.682
   48           4.137
   49           3.246
   50           2.878
   51           2.971
   52           3.090
   53           3.104
   54           2.989
   55           3.255
   56           3.826
   57           4.120
   58           4.085
   59           3.972
   60           4.014
   61           3.994
   62           4.053
   63           4.128
   64           4.142
   65           4.413
   66           4.610
   67           4.521
   68           4.221
   69           4.121
   70           4.430
   71           4.609
   72           4.319
   73           3.938
   74           3.942
   75           3.921
   76           3.684
   77           3.871
   78           4.040
   79           3.988
   80           3.915
   81           3.962
   82           4.171
   83           4.460
   84           4.518
   85           4.513
   86           4.789
   87           5.156
   88           5.402
   89           5.391
   90           5.057
   91           4.838
   92           4.920
   93           5.267
   94           5.704
   95           5.706
   96           5.586
   97           5.765
   98           5.910
   99           5.836
  100           5.613
