    1           0.060
    2           0.069
    3           0.066
    4           0.062
    5           0.059
    6           0.071
    7           0.102
    8           0.130
    9           0.183
   10           0.266
   11           0.393
   12           0.543
   13           0.643
   14           0.810
   15           1.171
   16           1.461
   17           2.007
   18           2.464
   19           2.640
   20           2.705
   21           2.904
   22           2.896
   23           2.529
   24           2.202
   25           2.298
   26           2.854
   27           3.760
   28           4.491
   29           4.595
   30           4.369
   31           4.130
   32           3.939
   33           4.145
   34           4.141
   35           3.869
   36           4.026
   37           4.293
   38           4.211
   39           3.921
   40           3.708
   41           3.685
   42           3.915
   43           4.220
   44           4.292
   45           4.240
   46           4.282
   47           4.387
   48           4.418
   49           4.304
   50           4.060
   51           3.739
   52           3.596
   53           3.738
   54           3.927
   55           4.058
   56           4.182
   57           4.416
   58           4.481
   59           4.387
   60           4.412
   61           4.526
   62           4.717
   63           4.873
   64           4.917
   65           4.902
   66           4.969
   67           5.028
   68           5.095
   69           5.115
   70           4.706
   71           4.538
   72           4.755
   73           4.831
   74           4.561
   75           3.992
   76           3.758
   77           4.095
   78           4.273
   79           4.164
   80           4.347
   81           4.523
   82           4.707
   83           5.015
   84           5.265
   85           5.317
   86           5.174
   87           4.812
   88           4.786
   89           5.208
   90           5.520
   91           5.602
   92           5.608
   93           5.362
   94           5.157
   95           5.215
   96           5.354
   97           5.440
   98           5.504
   99           5.410
  100           5.452
